[gd_scene load_steps=5 format=2]

[sub_resource type="RayShape" id=6]
margin = 0.01
slips_on_slope = true

[sub_resource type="RayShape" id=3]
margin = 0.001
length = 3.0

[sub_resource type="RayShape" id=4]
margin = 0.001
length = 3.25

[sub_resource type="RayShape" id=5]
margin = 0.001
length = 3.25

[node name="ray2" type="CollisionShape"]
transform = Transform( 1, 0, 0, 0, -4.37114e-008, -1, 0, 1, -4.37114e-008, 0, -2.78912, 0 )
shape = SubResource( 6 )

[node name="ray1" type="CollisionShape" parent="."]
transform = Transform( 1, 0, 0, 0, -4.37114e-008, -1, 0, 1, -4.37114e-008, 0, 4.22414e-008, 0.96637 )
shape = SubResource( 3 )

[node name="ray6" type="CollisionShape" parent="."]
transform = Transform( 0.729546, 5.97912e-008, 0.683932, 0.683932, -2.00675e-008, -0.729546, -2.98956e-008, 1, -5.55333e-008, 0, 4.22414e-008, 0.96637 )
shape = SubResource( 3 )

[node name="ray7" type="CollisionShape" parent="."]
transform = Transform( -0.806722, 5.16609e-008, 0.590932, 0.590932, 1.14237e-007, 0.806722, -2.58305e-008, 1, -1.22686e-007, 0, 4.22414e-008, 0.96637 )
shape = SubResource( 3 )

[node name="ray8" type="CollisionShape" parent="."]
transform = Transform( -0.864711, -4.39098e-008, -0.502269, -0.502269, 1.19307e-007, 0.864711, 2.19549e-008, 1, -1.25221e-007, 0, 4.22414e-008, 0.96637 )
shape = SubResource( 3 )

[node name="ray9" type="CollisionShape" parent="."]
transform = Transform( 0.440163, -7.84985e-008, -0.897918, -0.897918, 5.23113e-009, -0.440163, 3.92492e-008, 1, -6.81827e-008, 0, 4.22414e-008, 0.96637 )
shape = SubResource( 3 )

[node name="ray3" type="CollisionShape" parent="."]
transform = Transform( 1, 0, 0, 0, -4.37114e-008, 1, 0, -1, -4.37114e-008, 0, 4.22414e-008, 0.96637 )
shape = SubResource( 4 )

[node name="ray4" type="CollisionShape" parent="."]
transform = Transform( -4.37114e-008, 0, 1, -1, -4.37114e-008, -4.37114e-008, 4.37114e-008, -1, 1.91069e-015, 0, 4.22414e-008, 0.96637 )
shape = SubResource( 5 )

[node name="ray5" type="CollisionShape" parent="."]
transform = Transform( 1.19249e-008, 0, -1, 1, -4.37114e-008, 1.19249e-008, -4.37114e-008, -1, -5.21254e-016, 0, 4.22414e-008, 0.96637 )
shape = SubResource( 4 )
